﻿date;new_cases;total_cases;total_deaths;underreporting_estimate;lower;upper;underreporting_estimate_clean;expected_new_cases
2020-06-07;4207;122499;1448;0,27;0,15;0,85;27% (15% - 85%);5343
2020-06-06;4664;118292;1356;0,26;0,14;0,86;26% (14% - 86%);5877
2020-06-05;4942;113628;1275;0,25;0,13;0,87;25% (13% - 87%);6178
2020-06-04;3527;108686;1188;0,24;0,11;0,89;24% (11% - 89%);4373
2020-06-03;5471;105159;1113;0,23;0,10;0,90;23% (10% - 90%);6729
2020-06-02;4830; 99688;1054;0,23;0,10;0,90;23% (10% - 90%);5941
2020-06-01;4220; 94858; 997;0,23;0,10;0,90;23% (10% - 90%);5191
2020-05-31;3695; 90638; 944;0,24;0,10;0,90;24% (10% - 90%);4582
2020-05-30;4654; 86943; 890;0,24;0,10;0,90;24% (10% - 90%);5771
2020-05-29;4328; 82289; 841;0,24;0,10;0,90;24% (10% - 90%);5367
2020-05-28;3964; 77961; 806;0,26;0,12;0,88;26% (12% - 88%);4995
2020-05-27;4895; 73997; 761;0,26;0,12;0,88;26% (12% - 88%);6168
2020-05-26;3709; 69102; 718;0,27;0,12;0,88;27% (12% - 88%);4710
2020-05-25;3536; 65393; 673;0,26;0,12;0,88;26% (12% - 88%);4455
2020-05-24;4276; 61857; 630;0,26;0,12;0,88;26% (12% - 88%);5388
2020-05-23;3964; 57581; 589;0,26;0,11;0,89;26% (11% - 89%);4995
2020-05-22;4038; 53617; 544;0,24;0,09;0,91;24% (9% - 91%);5007
2020-05-21;3520; 49579; 509;0,24;0,08;0,92;24% (8% - 92%);4365
2020-05-20;2278; 46059; 478;0,23;0,07;0,93;23% (7% - 93%);2802
2020-05-19;2353; 43781; 450;0,23;0,07;0,93;23% (7% - 93%);2894
2020-05-18;1886; 41428; 421;0,23;0,06;0,94;23% (6% - 94%);2320
2020-05-17;2502; 39542; 394;0,22;0,04;0,96;22% (4% - 96%);3052
2020-05-16;2659; 37040; 358;0,19;0,00;1,00;19% (0% - 100%);3164
2020-05-15;2660; 34381; 346;0,21;0,02;0,98;21% (2% - 98%);3219
2020-05-14;1658; 31721; 335;0,22;0,04;0,96;22% (4% - 96%);2023
2020-05-13;1197; 30063; 323;0,24;0,05;0,95;24% (5% - 95%);1484
2020-05-12;1647; 28866; 312;0,25;0,07;0,93;25% (7% - 93%);2059
2020-05-11;1247; 27219; 304;0,27;0,10;0,90;27% (10% - 90%);1584
2020-05-10;1391; 25972; 294;0,29;0,12;0,88;29% (12% - 88%);1794
2020-05-09;1533; 24581; 285;0,31;0,13;0,87;31% (13% - 87%);2008
2020-05-08;1032; 23048; 281;0,33;0,17;0,83;33% (17% - 83%);1373
2020-05-07;1373; 22016; 275;0,36;0,19;0,81;36% (19% - 81%);1867
2020-05-06; 980; 20643; 270;0,38;0,22;0,78;38% (22% - 78%);1352
2020-05-05;1228; 19663; 260;0,39;0,23;0,77;39% (23% - 77%);1707
2020-05-04;1427; 18435; 247;0,38;0,23;0,77;38% (23% - 77%);1969
2020-05-03; 985; 17008; 234;0,38;0,22;0,78;38% (22% - 78%);1359
2020-05-02;1138; 16023; 227;0,39;0,23;0,77;39% (23% - 77%);1582
2020-05-01; 520; 14885; 216;0,39;0,22;0,78;39% (22% - 78%); 723
2020-04-30; 552; 14365; 207;0,39;0,22;0,78;39% (22% - 78%); 767
2020-04-29; 482; 13813; 198;0,39;0,22;0,78;39% (22% - 78%); 670
2020-04-28; 473; 13331; 189;0,39;0,21;0,79;39% (21% - 79%); 657
2020-04-27; 552; 12858; 181;0,39;0,21;0,79;39% (21% - 79%); 767
2020-04-26; 494; 12306; 174;0,40;0,22;0,78;40% (22% - 78%); 692
2020-04-25; 516; 11812; 168;0,41;0,23;0,77;41% (23% - 77%); 728
2020-04-24; 464; 11296; 160;0,41;0,23;0,77;41% (23% - 77%); 654
2020-04-23; 325; 10832; 147;0,39;0,20;0,80;39% (20% - 80%); 452
2020-04-22; 419; 10507; 139;0,39;0,20;0,80;39% (20% - 80%); 582
2020-04-21; 358; 10088; 133;0,40;0,20;0,80;40% (20% - 80%); 501
2020-04-20; 478;  9730; 126;0,40;0,21;0,79;40% (21% - 79%); 669
2020-04-19; 445;  9252; 116;0,39;0,19;0,81;39% (19% - 81%); 619
2020-04-18; 534;  8807; 105;0,37;0,15;0,85;37% (15% - 85%); 732
2020-04-17; 356;  8273;  94;0,34;0,10;0,90;34% (10% - 90%); 477
2020-04-16; 392;  7917;  92;0,38;0,15;0,85;38% (15% - 85%); 541
2020-04-15; 312;  7525;  82;0,35;0,10;0,90;35% (10% - 90%); 421
2020-04-14; 286;  7213;  80;0,39;0,15;0,85;39% (15% - 85%); 398
2020-04-13; 426;  6927;  73;0,39;0,14;0,86;39% (14% - 86%); 592
2020-04-12; 529;  6501;  65;0,37;0,10;0,90;37% (10% - 90%); 725
2020-04-11; 426;  5972;  57;0,35;0,05;0,95;35% (5% - 95%); 575
2020-04-10; 430;  5546;  48;0,30;0,00;1,00;30% (0% - 100%); 559
2020-04-09; 301;  5116;  43;0,30;0,00;1,00;30% (0% - 100%); 391
2020-04-08; 344;  4815;  37;0,27;0,00;1,00;27% (0% - 100%); 437
2020-04-07; 310;  4471;  34;0,30;0,00;1,00;30% (0% - 100%); 403
2020-04-06; 424;  4161;  27;0,22;0,00;1,00;22% (0% - 100%); 517
2020-04-05; 333;  3737;  22;0,16;0,00;1,00;16% (0% - 100%); 386
2020-04-04; 373;  3404;  18;0,11;0,00;1,00;11% (0% - 100%); 414
2020-04-03; 293;  3031;  16;0,14;0,00;1,00;14% (0% - 100%); 334
2020-04-02; 289;  2738;  12;0,03;0,00;1,00;3% (0% - 100%); 298
2020-04-01; 310;  2449;   8;0,00;0,00;1,00;0% (0% - 100%); 310
2020-03-31; 230;  2139;   7;0,00;0,00;1,00;0% (0% - 100%); 230
2020-03-30; 299;  1909;   6;0,00;0,00;1,00;0% (0% - 100%); 299
2020-03-29; 304;  1610;   5;0,00;0,00;1,00;0% (0% - 100%); 304
2020-03-28; 164;  1306;   4;0,00;0,00;1,00;0% (0% - 100%); 164
2020-03-27; 220;  1142;   3;0,00;0,00;1,00;0% (0% - 100%); 220
2020-03-26; 176;   922;   2;0,00;0,00;1,00;0% (0% - 100%); 176
2020-03-25; 114;   746;   2;0,00;0,00;1,00;0% (0% - 100%); 114
